0.715629
0.813593
0.662069
0.052370
0.485916
0.637013
0.533219
0.182195
0.563738
0.909940
0.470901
0.273934
0.052828
0.714072
0.550584
0.638600
0.907468
0.025269
0.829676
0.649525
0.871242
0.521226
0.049074
0.262062
0.043397
0.508255
0.977752
0.605609
0.227943
0.498733
0.805689
0.428755
0.722343
0.469832
0.492416
0.679739
0.701926
0.335490
0.476394
0.002533
0.856288
0.662191
0.652364
0.430433
0.433790
0.160405
0.022095
0.057955
0.350597
0.982574
0.925810
0.972655
0.520341
0.358898
0.259194
0.227821
0.060854
0.602405
0.583819
0.137638
0.534074
0.014252
0.535508
0.675710
0.875149
0.720939
0.438612
0.258309
0.167699
0.974059
0.530961
0.693838
0.920774
0.944426
0.706809
0.579272
0.003784
0.541520
0.183416
0.925535
0.896512
0.289712
0.997803
0.292093
0.409101
0.792077
0.739555
0.213050
0.529588
0.813501
0.426801
0.195318
0.554308
0.514481
0.930387
0.070162
0.157720
0.865963
0.853450
0.979797
0.558367
0.777551
0.272317
0.779748
0.436110
0.969756
0.244881
0.138615
0.758232
0.121342
0.492813
0.116459
0.169469
0.323923
0.164006
0.502579
0.103183
0.373669
0.081118
0.694632
0.269112
0.932890
0.382885
0.399976
0.674581
0.091433
0.964171
0.940519
0.834986
0.360179
0.620991
0.442061
0.330119
0.627094
0.307199
0.690207
0.362529
0.107517
0.408368
0.933012
0.473678
0.820032
0.439741
0.412336
0.075014
0.618610
0.074129
0.905179
0.949553
0.312967
0.906278
0.055544
0.380291
0.908048
0.859584
0.779229
0.062166
0.493454
0.641957
0.521317
0.453017
0.815241
0.156468
0.649281
0.720603
0.060030
0.273507
0.761437
0.941496
0.883480
0.870418
0.193060
0.708029
0.213996
0.545000
0.500839
0.799890
0.863491
0.909116
0.207099
0.076296
0.475478
0.868557
0.585192
0.245186
0.842708
0.795556
0.766869
0.665548
0.125004
0.000122
0.953490
0.839229
0.998932
0.406446
0.011811
0.748558
0.269967
0.840480
0.235817
0.695669
0.979400
0.835353
0.555803
0.800378
0.535905
0.360576
0.975982
0.812128
0.904508
0.381054
0.521928
0.392926
0.382855
0.652791
0.479019
0.527146
0.996918
0.660848
0.202979
0.214454
0.046968
0.106388
0.284127
0.102268
0.835322
0.848720
0.346385
0.213996
0.106784
0.708487
0.262093
0.429029
0.233436
0.038759
0.064394
0.871090
0.674642
0.469710
0.337992
0.860988
0.743858
0.733390
0.369427
0.590106
0.213080
0.975036
0.838954
0.170751
0.786920
0.456587
0.333964
0.219886
0.976348
0.059511
0.466628
0.632069
0.404736
0.492264
0.875820
0.698325
0.076540
0.609272
0.895138
0.226814
0.640034
0.747490
0.168371
0.821802
0.175420
0.486892
0.993408
0.976989
0.539964
0.740776
0.675619
0.139683
0.800470
0.582568
0.672933
0.401807
0.785241
0.715323
0.812372
0.974059
0.286386
0.989746
0.360607
0.099704
0.943754
0.877468
0.229316
0.564013
0.341624
0.305734
0.096133
0.455428
0.349742
0.759667
0.723411
0.335307
0.239631
0.057894
0.254891
0.471877
0.607593
0.709098
0.772790
0.294900
0.635395
0.254036
0.895352
0.727409
0.720603
0.500748
0.697012
0.550462
0.006684
0.058321
0.731925
0.457625
0.845210
0.075716
0.442244
0.954894
0.720634
0.592120
0.732597
0.762596
0.669546
0.404584
0.991455
0.875790
0.724998
0.859767
0.341502
0.938719
0.417615
0.475539
0.399396
0.090182
0.864681
0.799219
0.326701
0.935911
0.478072
0.407849
0.452986
0.803858
0.823023
0.457961
0.252663
0.939451
0.658132
0.689932
0.956298
0.795984
0.688375
0.293832
0.578112
0.077273
0.062471
0.542894
0.640736
0.688589
0.145329
0.600665
0.378491
0.251747
0.597278
0.408521
0.700308
0.341166
0.291208
0.059114
0.693838
0.096805
0.098849
0.562792
0.951689
0.370190
0.077425
0.412519
0.501236
0.060060
0.087863
0.854091
0.619312
0.793603
0.376019
0.267556
0.312632
0.609668
0.147984
0.566393
0.745720
0.800287
0.670888
0.020142
0.397320
0.566485
0.930021
0.407666
0.226508
0.644826
0.374248
0.906156
0.629810
0.561022
0.780511
0.623127
0.470626
0.666738
0.768212
0.177129
0.962279
0.615619
0.996002
0.233467
0.685507
0.435286
0.570879
0.401257
0.522355
0.851253
0.701712
0.398206
0.787103
0.018769
0.127995
0.888974
0.335734
0.319681
0.355480
0.903897
0.935270
0.379254
0.229316
0.243782
0.673910
0.960631
0.876766
0.777520
0.693716
0.891964
0.549883
0.038148
0.026582
0.683493
0.400342
0.024567
0.815241
0.989868
0.716575
0.614093
0.699728
0.574664
0.655507
0.492660
0.651875
0.933195
0.999451
0.009095
0.037751
0.229377
0.969726
0.859401
0.190100
0.703970
0.628132
0.006897
0.271676
0.208899
0.897610
0.745933
0.710959
0.025605
0.733268
0.313242
0.991363
0.622364
0.474960
0.955290
0.075137
0.507340
0.912961
0.856533
0.243355
0.833949
0.097476
0.835383
0.633229
0.913816
0.424024
0.213843
0.253609
0.294870
0.024812
0.767510
0.760857
0.559587
0.998627
0.161565
0.774987
0.500443
0.509354
0.779656
0.018769
0.828669
0.285379
0.351238
0.059908
0.072054
0.550218
0.284524
0.938169
0.819086
0.916135
0.110202
0.458296
0.964232
0.272103
0.943175
0.430616
0.112308
0.196966
0.367656
0.639821
0.796625
0.929319
0.652974
0.823450
0.668050
0.425031
0.705069
0.441816
0.311106
0.534471
0.661061
0.519700
0.843349
0.829554
0.532304
0.341899
0.953825
0.112583
0.802667
0.283425
0.537553
0.138401
0.388134
0.555620
0.582018
0.579943
0.864162
0.149785
0.461562
0.769707
0.366283
0.759056
0.296426
0.247841
0.071627
0.960234
0.532487
0.647877
0.665975
0.436506
0.397961
0.951750
0.703970
0.522599
0.393170
0.645253
0.267769
0.853175
0.469924
0.805017
0.831172
0.396344
0.056581
0.648488
0.734489
0.652821
0.585009
0.577899
0.177679
0.302683
0.675649
0.249855
0.136784
0.080355
0.637287
0.701407
0.110660
0.159673
0.437391
0.063845
0.104068
0.829615
