0.799341
0.896176
0.753258
0.742546
0.582842
0.668325
0.000305
0.515854
0.104099
0.426496
0.222816
0.968566
0.551286
0.171117
0.224647
0.773553
0.152135
0.979125
0.994354
0.807520
0.249916
0.401379
0.637349
0.979003
0.943510
0.167119
0.388501
0.816645
0.448408
0.725944
0.110477
0.597949
0.834803
0.659017
0.185217
0.300851
0.298379
0.490799
0.203803
0.158300
0.621204
0.932371
0.361736
0.097964
0.977874
0.087466
0.965392
0.847774
0.743645
0.652943
0.955962
0.988739
0.461013
0.644398
0.857540
0.736442
0.620563
0.678518
0.054781
0.732047
0.412458
0.343394
0.807520
0.624561
0.105167
0.687765
0.907315
0.725181
0.206977
0.360973
0.383343
0.515152
0.067385
0.434187
0.163121
0.288736
0.073916
0.434889
0.094546
0.711631
0.100925
0.625080
0.235664
0.577074
0.366771
0.055330
0.818018
0.540422
0.355235
0.425275
0.790429
0.113254
0.957732
0.281655
0.348674
0.698782
0.492569
0.586230
0.358196
0.949309
0.757195
0.183386
0.075289
0.227271
0.770074
0.199835
0.073519
0.451247
0.358226
0.906949
0.781426
0.107547
0.246742
0.077334
0.537767
0.709494
0.806330
0.366894
0.570879
0.484939
0.115513
0.753288
0.807550
0.573748
0.493637
0.562487
0.918821
0.516129
0.160283
0.114353
0.507920
0.313303
0.178655
0.518815
0.847346
0.841792
0.337840
0.653310
0.070742
0.902188
0.130863
0.853511
0.226356
0.684255
0.485031
0.347911
0.097903
0.929228
0.400006
0.967986
0.199316
0.570269
0.150731
0.164800
0.849635
0.133305
0.210822
0.863826
0.734001
0.678426
0.552934
0.188452
0.857692
0.563555
0.482467
0.584307
0.298318
0.812037
0.660634
0.374981
0.663808
0.364391
0.473128
0.280709
0.661122
0.996673
0.400983
0.931181
0.682913
0.185644
0.549486
0.903745
0.817866
0.702841
0.991394
0.318278
0.191229
0.217963
0.081240
0.519944
0.041536
0.693716
0.396313
0.881039
0.439924
0.852657
0.460799
0.253151
0.058382
0.497635
0.909574
0.101382
0.893033
0.967071
0.247536
0.850887
0.348613
0.505936
0.861110
0.477737
0.590838
0.834590
0.437544
0.875576
0.572283
0.695486
0.449202
0.028352
0.638386
0.659993
0.858119
0.521287
0.119999
0.976348
0.697562
0.420789
0.818415
0.739433
0.687155
0.054903
0.788873
0.164495
0.537034
0.725425
0.329844
0.245552
0.097903
0.882595
0.583026
0.579547
0.013001
0.794488
0.651082
0.637959
0.028321
0.241188
0.639515
0.267098
0.617267
0.266030
0.528153
0.697928
0.075747
0.514634
0.279214
0.846828
0.744926
0.192816
0.088046
0.188910
0.516251
0.175359
0.182440
0.984741
0.276681
0.296060
0.077120
0.141575
0.449293
0.350749
0.689779
0.491104
0.285714
0.844569
0.224219
0.763939
0.067232
0.014466
0.227851
0.043001
0.869778
0.158483
0.728965
0.976531
0.049898
0.802911
0.860256
0.531968
0.108005
0.738334
0.875149
0.572527
0.084078
0.456526
0.962981
0.036683
0.143406
0.018677
0.768914
0.002991
0.507981
0.886471
0.025575
0.420606
0.389447
0.747398
0.202094
0.787042
0.080813
0.865627
0.576830
0.554674
0.862270
0.989196
0.640492
0.546800
0.877529
0.345347
0.235328
0.164861
0.637715
0.754845
0.337107
0.667806
0.307901
0.396741
0.885586
0.305002
0.433393
0.254830
0.570452
0.584002
0.261513
0.777032
0.978423
0.454237
0.315592
0.778527
0.007813
0.687979
0.376995
0.120975
0.957183
0.239814
0.531510
0.197790
0.193640
0.866085
0.436720
0.757439
0.808161
0.784814
0.466018
0.096103
0.162664
0.658589
0.886196
0.150487
0.736625
0.680532
0.723960
0.522385
0.178228
0.044923
0.478713
0.966094
0.967406
0.584368
0.336924
0.369915
0.595721
0.853664
0.044832
0.763329
0.670858
0.442488
0.095553
0.380261
0.850581
0.797845
0.386914
0.310923
0.013428
0.337321
0.006317
0.772149
0.571795
0.134983
0.298654
0.528611
0.333720
0.960387
0.873775
0.495346
0.820154
0.952483
0.709616
0.053468
0.443007
0.709738
0.007355
0.109684
0.451399
0.077334
0.954711
0.431471
0.051119
0.412885
0.053621
0.288797
0.604694
0.611866
0.168828
0.933775
0.317301
0.674276
0.953215
0.949248
0.315714
0.093326
0.806330
0.998108
0.525834
0.847957
0.022736
0.004089
0.255135
0.279489
0.285501
0.295297
0.886959
0.635243
0.162084
0.742210
0.591693
0.558519
0.758232
0.420637
0.462539
0.307505
0.186254
0.831904
0.980651
0.984222
0.004364
0.210181
0.217017
0.553667
0.282449
0.949858
0.676931
0.936247
0.451430
0.682302
0.192969
0.952849
0.591998
0.035127
0.773553
0.405194
0.318979
0.603961
0.812128
0.072085
0.917631
0.168096
0.564714
0.902829
0.888272
0.682241
0.300821
0.189123
0.555254
0.074129
0.034333
0.997131
0.896725
0.380688
0.241188
0.639821
0.251137
0.252754
0.469100
0.472457
0.057405
0.360698
0.246620
0.790918
0.283944
0.731376
0.196844
0.114933
0.703787
0.547990
0.762719
0.637715
0.671621
0.444288
0.449812
0.122257
0.558916
0.823939
0.992981
0.026704
0.503586
0.236579
0.352947
0.139103
0.630268
0.341990
0.949614
0.503311
0.397656
0.492996
0.037233
0.917173
0.229072
0.469161
0.629353
0.784326
0.082186
0.391827
0.877865
0.600391
0.114963
0.352275
0.314188
0.855770
0.103030
0.783898
0.857570
0.635060
0.765557
0.109622
0.997253
0.695517
0.655507
0.696402
0.054872
0.304971
0.770714
0.647053
0.933348
0.620899
0.541551
0.461806
0.257546
0.891690
0.352336
0.099643
0.315012
0.261361
0.251686
0.471816
0.700644
0.459456
0.008881
0.897946
0.073244
0.156194
0.172094
0.556291
0.929838
0.265664
0.284768
0.459487
0.803125
0.977050
0.916593
0.986999
0.789819
0.795770
0.664968
0.505142
0.814692
0.375713
0.783654
0.106662
0.537522
0.423536
0.594501
0.000458
0.308786
0.456771
0.338542
0.582934
0.080416
0.696280
0.623066
0.722312
0.677816
0.875179
0.120243
0.287088
0.339671
0.244758
0.674459
0.449934
0.931394
0.559008
