2376890319184
2376890326464
3616730469723156490
3833468417960053303
3832620655871406901
3545228115535214897
3904110747444525368
3328171331106190128
3461641051812540728
735555893797007406
3545236942347644464
4120855464448503818
3977863972911057462
3616453371315762225
4051038648684589624
3904110747327083064
3328171331072176696
3461633355348455475
734986351186293038
3761968267845250608
3616729387391397898
3689630276749625913
3979274616295797555
4123096242721993521
3687937965263304502
3328171361204318264
3461641077582279730
734423431297316398
3977576983313919536
3834588811785809930
3546925779272075828
3618418198594596912
3832614066756990260
180237530826199
2376890319184
2376890326464
736392660767029038
3761694480910134832
3977576991937146890
4050487798257420854
3760841238275306548
3474296421404062521
3832053153373108019
3328171326861555508
3461642147129865783
735548227364009518
3544955441701596720
4049356413777883146
4051326738514315832
3617007525176160817
3834021441640543538
4048225935469656376
3328171365415596850
3461633381135169849
735265652858826798
3906931170712301104
3978145439364821002
4121415102931929657
4121692158418368308
3690187728541134897
3687937965313897008
3328171326861553972
3461636649555407929
734422310209991982
3906087862624529968
4123382155104366602
3618417107641829942
3977022816482112307
3617004234596366129
3759995559251226681
3328171331105667382
3461635567173317174
735830784622475054
3906926768504712752
3618696422333755402
4050767104275647031
3472334884705023286
3544665165581596979
3687937965230012724
3328171348302377525
3461641077582475571
734147449516800046
3473172734042779184
4123101775394648074
3834592123138607672
3833467279824793655
3906641985631434288
3543822777221199157
3328171335333853488
3461635567156410681
736111168694335022
3976736973610430000
3473460831959527434
4049920445962521138
3760561962321850935
3978699579669428025
3904110747360245552
3328171339678758708
3461641060436095801
736682927541335598
3545798767069703728
3474581221389774858
3834592097368803894
3546927952556602932
3833458491686664502
3471765183166362418
3328171339662375225
3461634450431226163
734427807734968878
3906932261717683760
3546638819722670090
3904673890486454838
4122258406906672180
3472326096567285044
4048225935386228792
3328171352547473209
3461636662372808496
735275522693869870
3763091955877228080
4121416211150811146
4051324560965896753
3834307306708416563
4049349798823999030
3759995559351826228
3328171356909222197
3461637753277722680
734145220462459182
3691039876477169200
4123386548939796490
4051331149445728825
3835157229196687665
3906360510654723895
3832053153389754676
3328171335367079216
3461634484891562296
734985277377295150
3761972657352289840
3906369307401924618
3834589911230450226
3689068417748972082
4122251817792189237
3471765183082280244
3328171361153855536
3461638878660145203
734428924510286894
3617574916178783792
3691036586598608906
3760567468438850100
3907213723722987057
3618130134503012402
3976168341432053811
3328171335316877874
3461638848612087606
736680698537523246
3689629177305181744
4048796779505659914
3907210446631864888
3761686762717065527
3978418104693175607
3759995559368537140
3328171343940761908
3461636683864290105
736391522751427886
3546926878867468298
4122826862977092145
4121419479534678832
3473451996474257970
4120283529507516464
3328171352614582070
3461638848528333105
736679603236975918
3545238011861085744
3474584519874326538
3907211567618329136
3689346594190800179
3544946640558567475
4048225935402612784
3328171352513852214
3461633346624566071
735830788984485422
3761413001588321840
3833750996793569290
3906649717176535602
3690195417167442489
4049912748777485621
3832053153372976178
3328171356774937656
3461641047551523122
736113346191898670
3761409694480346672
4051326751482982410
4049640096267242033
3762250812182116400
3977855154739296563
3615880371275706675
3328171365365133368
3461634454742709814
734991870169004334
3690762773760060976
4049071636055207946
4121418414351714865
3834869157150208817
3761963847602418742
4120283529508041785
3328171348252373808
3461638870086922552
734425630202935086
3763095250151222832
3977303204884787210
3616734859146299960
3977015119900719410
4048786848870512185
3832053153255404081
3328171343957539121
3461638857151296560
735829702274004526
3688785877774052912
3688502212346916874
4123383233040615993
3617859646687687730
3905797560701760822
3615880371292944176
3328171331088888629
3461634480546526512
735550422092690478
3762534533429800496
4049634572989509642
3473182651088636466
3978430191365665587
3761119422672090928
4048225935469786423
3328171356909482037
3461635550043714611
735831909920159022
3472610875112173104
3690479129891581962
4048798965577026103
3761411884810123315
3689624778587519285
4048225935436297527
3328171352597542199
3461635580040984373
735837386004051502
3616445722048867888
3833469496030277642
3690756202426272306
4122260605929928248
3834865866570414393
3832053153406202168
3328171356909089074
3461642181523616049
736395933632641326
3618137861938097712
4050759382024990730
3762811606030879289
4121698755488134449
4050475698730775348
3471765183149715767
3328171339595461685
3461635575847073847
735557010521993518
3761403127424953904
3617574890475761674
4051324535196092981
3833744356754994228
4120844442908374325
4048225935419259191
3328171348336128568
3461638852772575285
736114467296195886
3544385903167286832
4049919385256472586
3472615294498769464
3977582467900650040
3616441284643337529
3615880371158266680
3328171361203990836
3461637749050258230
736401418322588206
3978422533458636336
3688507701214457866
3546639910543821360
3979271317760914229
3976729254832910905
3832053153372845877
3328171343940564017
3461636649488299826
736393756084025390
3905246723260755504
3546639927773900810
3474588892100823606
4051041939263993396
3545791065488372025
3543822777120535094
3328171365448758583
3461632264359786545
734425625942047022
3546644313036434992
3904680496213143562
3546363911650413104
3545512881091653682
3761682372625774389
3687937965230207545
3328171365432242229
3461642172900128822
735265627005596718
3760847865546681904
3906085650699268106
3617571591790004793
3690197616190699825
3904671660795048761
3471765183099253303
3328171352580699185
3461633368233816626
734421197813723182
4050767108705365552
4049923766022451210
4123100671437179443
3906654072304448822
3760556472718668597
4048225935503734841
3328171331022303792
3461638865690834488
736398158341551406
3832616300777123376
3689354312366829578
3545800996056730164
3618419298106226996
4048786848870773301
3759995559351889972
3328171352513656373
3461633381135169081
734992969680236590
3904678271453834800
3978429104741298186
4123105069483690551
3616443475711112241
3473733471450511673
4048225935386229047
3328171331122640440
3461637774819799600
735828598416618542
3977861791235649072
4121698781377736714
3472891254737472056
3978990942295831609
4048786848870446128
4048225935419324464
3328171356808688950
3461632260132190005
735273345111897390
3474300828779032112
4121138047660994570
3760563096162142774
3905805249327804985
3978981054646071352
3687937965330412855
3328171356842046772
3461641051846292274
734427829260136750
3832905468090920496
3762814891831734282
3546359526488803893
3978426892830783280
3473170521497415736
3687937965196065079
3328171331072505401
3461638878626396216
734702672823726894
3691037664602238512
3690757297709920266
3760566390402058800
3762815961158791733
3905234610748010544
3976168341381395761
3328171335350236983
3461635554305128249
736113354815648814
3618982278143880752
3617859685462192138
4050759373334514231
3978989842784203569
3977573679763109689
3543822777187907894
3328171348302835762
3461635580024534329
735266756715819566
3472615273108155952
4122824702658752522
3905528185251433008
3906371497816109108
3689624778587846704
3976168341331130166
3328171365415270197
3461633372411408440
735266756632262446
4049070549378543152
3472616406928732170
3905243411739839027
4050203011891999798
4051038648684591157
3543822777204683062
3328171356909219893
3461637753361806135
734705992750085678
3474027054611508784
4049635681158180874
3618702984960018997
3761684563693811762
3977855154739425849
4120283529457252152
3328171344040834614
3461638844250011193
736398132622406958
3761131543757794864
3546929086480658442
3978148746422651445
3689917240725614898
3760556472718865974
3976168341364750388
3328171365398426422
3461641064814753590
736400335906812974
3689913972408987184
3905236844818608138
3832621798301633073
3979272417272541496
4049631273800774712
3687937965246462262
3328171339629015089
3461641051862937904
734423409788924718
3977016253774573104
3760842376561438730
3977020647492553273
3761404188228728121
4121407392861861945
3832053153322579512
3328171331022108722
3461632255820247859
736118856601712942
3834594300838555184
3761408633589346314
3544388123615038006
3617860746199315509
3474296421404063796
3471765183166232121
3328171361170633525
3461639943694267444
736394851350755118
3834026969900527152
4050487794012663818
3688788068022618676
3978701770737727801
3835147341547189043
3759995559234058036
3328171331122639155
3461642147029136688
735555928156353582
3544955450257583664
4122825797892190218
3905799786098330167
3544673953719661625
3904953135771563576
4120283529541204024
3328171348302705459
3461633346675093811
735836277885580846
3832899953386663472
3761131535268196362
3978139941739694648
3691034344539436081
3474577896380969523
4120283529407050550
3328171361069774905
3461636658178634293
736115583953942574
3905525990590262832
4048793446577483786
3545798771263670841
4122819157836838195
4049349798824327220
3615880371158136117
3328171356925867321
3461642164343552056
734988554437080622
3762810480883740208
3544951056539463690
3904965252477880880
4050201912380371769
3834584391594094901
3759995559250965048
3328171356825464882
3461642155686245940
735547119262249774
3761968272190287408
3474862683548692490
3904682695169411636
3762820359205302581
3472326096567022130
3615880371208860468
3328171331139219505
3461639947989496114
736116670513624366
4121976949246668336
3834877979166388234
4122543214746929720
3905528172397605171
3833739966663832626
3904110747293266993
3328171335300100664
3461642168638257457
0
179207023887591
2376890319184
2376890326464
0
0
0
0
0
0
0
0
0
0
0
0
0
0
0
0
0
0
0
0
0
0
0
0
0
0
0
0
0
0
0
0
0
0
0
0
0
0
0
0
0
0
0
0
0
0
0
0
0
0
0
0
0
0
0
0
0
0
0
0
0
0
0
0
0
0
0
0
0
0
0
0
0
0
0
0
0
0
0
0
0
0
0
0
