1242
29321
5141
23066
2242
14485
31719
26365
15949
1943
13111
31310
26066
17629
22310
5502
12432
31738
9998
5192
32228
30499
19294
10295
30912
14041
32421
11625
10584
3273
19692
15506
20254
24048
23881
7747
5873
20482
31153
877
401
26125
18702
10017
3671
20569
28561
15769
32291
29588
2378
21628
17045
27435
13046
2142
28032
2811
5400
13190
13467
9257
9547
31221
23930
4430
4566
22180
9661
19928
2945
3596
31624
7341
24999
10731
6707
529
9357
25158
24386
5321
16882
6058
27543
27264
20455
17080
25830
9067
31201
31969
27498
22825
17421
1645
6102
29933
6371
28098
5519
12510
21758
15331
11544
18622
17707
18999
21197
7626
19136
9612
3541
20962
6703
8795
19282
7658
18394
1613
29146
26480
5929
27391
18731
22927
16346
15874
2586
1299
7577
551
10957
19421
32209
13817
15146
7050
32705
906
25999
15183
15058
7539
26564
12583
7976
27926
6190
561
17527
30246
19269
21075
6936
4970
11592
10020
13148
28861
25647
21001
3872
26202
3553
17822
12705
6486
28327
23127
24978
1390
25568
18023
20844
21507
28407
19680
8710
9315
27795
26652
29541
10570
19469
29533
30677
16297
23335
6064
15672
25253
31227
23
8351
8419
19249
6374
8215
30467
