1036140795
463480570
2040651434
1975960378
317097467
1892066601
1376710097
927612902
1330573317
603570492
1687926652
660260756
959997301
485560280
402724286
593209441
1194953865
894429689
364228444
1947346619
221558440
270744729
1063958031
1633108117
2114738097
2007905771
1469834481
822890675
1610120709
791698927
631704567
498777856
1255179497
524872353
327254586
1572276965
269455306
1703964683
352406219
1600028624
160051528
2040332871
112805732
1120048829
378409503
515530019
1713258270
1573363368
1409959708
2077486715
1373226340
1631518149
200747796
289700723
1117142618
168002245
150122846
439493451
990892921
1760243555
1231192379
1622597488
111537764
338888228
2147469841
438792350
1911165193
269441500
2142757034
116087764
1869470124
155324914
8936987
1982275856
1275373743
387346491
350322227
841148365
1960709859
1760281936
771151432
1186452551
1244316437
971899228
1476153275
213975407
1139901474
1626276121
653468858
2130794395
1239036029
1884661237
1605908235
1350573793
76065818
1605894428
1789366143
1987231011
1875335928
1784639529
